ms 6 1 -t 20 
5971 8472 2018

//
segsites: 40
positions: 0.0266 0.0311 0.0329 0.0616 0.0640 0.1116 0.1129 0.1765 0.1795 0.2093 0.2472 0.2566 0.2805 0.3048 0.3218 0.3449 0.3719 0.3753 0.3796 0.4016 0.4047 0.4437 0.4606 0.4905 0.5320 0.5354 0.5425 0.5996 0.6453 0.7106 0.7799 0.7801 0.8226 0.8470 0.8636 0.9051 0.9411 0.9558 0.9670 0.9731 
0010100010100000101110001110010001000000
0000000101011100010000110000000100111100
1111100010000001101100001001011001000001
0010110010000010101101001000110011000010
1011101010000001101100001000011001000000
1111100010000001101100001000011001000000
