ms 5 2 -t 10 
24362 20549 16507

//
segsites: 26
positions: 0.0038 0.1369 0.1495 0.1619 0.1622 0.2032 0.2049 0.2174 0.2433 0.2537 0.3714 0.3870 0.4610 0.4984 0.5242 0.5458 0.5876 0.6782 0.7112 0.7132 0.8590 0.9382 0.9512 0.9522 0.9671 0.9875 
10000001001010001000001000
01010010000100000101000011
01010010000100000101000011
00100100010001110010110100
00101100110001110010110100

//
segsites: 9
positions: 0.0338 0.0780 0.1256 0.1587 0.3196 0.6570 0.6855 0.7224 0.9481 
000100010
101011100
101000000
111000001
111000001
